<?xml version="1.0" encoding="UTF-8" standalone="no"?>
<!DOCTYPE svg PUBLIC "-//W3C//DTD SVG 20010904//EN"
              "http://www.w3.org/TR/2001/REC-SVG-20010904/DTD/svg10.dtd">

<svg xmlns="http://www.w3.org/2000/svg"
     width="5.55556in" height="5.55556in"
     viewBox="0 0 400 400">
  <path id="5 R"
        fill="none" stroke="black" stroke-width="1"
        d="M 40.00,50.00
           C 40.00,50.00 230.00,60.00 230.00,60.00
             361.56,61.32 391.84,147.52 290.00,184.00
             220.67,214.87 416.43,333.01 380.00,345.50
             386.50,356.38 273.43,364.11 265.00,350.00
             252.40,304.74 198.94,191.30 252.00,171.33
             325.76,143.80 316.22,88.08 230.00,77.33
             230.00,77.33 40.00,65.50 40.00,65.50
             37.76,60.87 40.00,50.00 40.00,50.00 Z
           M 300.00,210.00M 340.00,214.50M -157.00,289.50M 91.33,96.00
           C 92.50,95.50 37.41,206.96 36.67,207.33
             230.57,197.08 145.32,379.76 28.00,291.33
             28.00,291.33 13.33,321.33 13.33,321.33
             163.29,418.83 282.60,211.03 85.33,180.00
             88.68,178.96 125.53,102.39 128.67,97.33
             129.35,93.13 91.81,93.04 91.33,96.00 Z" />
</svg>
